[
    {
        "cameraId": 2,
        "packets": [
            {
                "dist_mm": 1.0693840847e-314,
                "imageX_px": -0.700049352645874,
                "imageY_px": 0.12081832885742187,
                "pitch_deg": -150.59007391202098,
                "roll_deg": 169.68813148089225,
                "status": 0,
                "theta_deg": 0.0,
                "x_mm": -949.1793045824262,
                "y_mm": -62.967771645779834,
                "yaw_deg": -23.657781689378023,
                "z_mm": 3594.66758385812
            },
            {
                "dist_mm": 1.0693840847e-314,
                "imageX_px": -0.5421421527862549,
                "imageY_px": 0.139349365234375,
                "pitch_deg": -158.6646534009465,
                "roll_deg": -179.4790092625578,
                "status": 0,
                "theta_deg": 0.0,
                "x_mm": -713.7410494209785,
                "y_mm": -72.9175096712349,
                "yaw_deg": -4.7659922992799775,
                "z_mm": 3635.2224438443263
            },
            {
                "dist_mm": 1.0693840847e-314,
                "imageX_px": -0.36738076210021975,
                "imageY_px": 0.11896483103434245,
                "pitch_deg": 163.85082939915065,
                "roll_deg": -170.87242002187102,
                "status": 0,
                "theta_deg": 0.0,
                "x_mm": -460.57966772634916,
                "y_mm": -41.283771460113755,
                "yaw_deg": 2.091401247658132,
                "z_mm": 3675.6949676813506
            },
            {
                "dist_mm": 1.0693840847e-314,
                "imageX_px": -0.21489319801330567,
                "imageY_px": 0.0660223642985026,
                "pitch_deg": -136.07048307881536,
                "roll_deg": -154.8133446870896,
                "status": 0,
                "theta_deg": 0.0,
                "x_mm": -256.28441399705724,
                "y_mm": 29.949831740262155,
                "yaw_deg": 37.55663854951055,
                "z_mm": 3797.2501237239535
            }
        ]
    }
]
